a_x a_y POS_X POS_Y
0.002593 -0.002778 0.000000 -0.000000
0.004259 0.000000 0.000001 -0.000000
0.000926 -0.001852 0.000001 -0.000000
0.000741 -0.003333 0.000001 -0.000001
0.001667 -0.000370 0.000001 -0.000001
0.000000 0.000000 0.000001 -0.000001
0.000926 -0.001852 0.000001 -0.000001
0.000185 0.001296 0.000001 -0.000001
0.000926 -0.000556 0.000001 -0.000001
0.000000 0.001667 0.000001 -0.000001
0.001667 -0.004444 0.000001 -0.000001
0.001667 -0.000926 0.000002 -0.000001
-0.000741 -0.000926 0.000001 -0.000001
0.004074 -0.000926 0.000002 -0.000002
0.005185 -0.000370 0.000002 -0.000002
-0.002407 -0.001852 0.000002 -0.000002
0.006111 -0.002778 0.000003 -0.000002
-0.000926 0.000926 0.000003 -0.000002
0.005185 -0.005926 0.000003 -0.000003
0.000741 -0.000926 0.000003 -0.000003
0.000185 0.001481 0.000003 -0.000002
0.001481 -0.002222 0.000003 -0.000003
-0.001481 -0.001852 0.000003 -0.000003
0.000926 -0.004259 0.000003 -0.000003
0.000926 0.000741 0.000003 -0.000003
-0.000741 0.007593 0.000003 -0.000002
0.002593 -0.006296 0.000004 -0.000003
0.003333 -0.003704 0.000004 -0.000003
0.000000 0.006296 0.000004 -0.000003
0.004259 -0.010370 0.000004 -0.000004
0.000185 0.002407 0.000004 -0.000004
0.003333 -0.006111 0.000005 -0.000004
0.000741 -0.002778 0.000005 -0.000005
0.000926 0.004259 0.000005 -0.000004
0.002407 -0.002593 0.000005 -0.000004
-0.000926 0.000926 0.000005 -0.000004
0.000000 0.004074 0.000005 -0.000004
0.003333 -0.006667 0.000005 -0.000005
0.000926 0.000000 0.000006 -0.000005
-0.188333 -0.218519 -0.000013 -0.000026
-0.202037 -0.410370 -0.000034 -0.000067
-0.110000 -0.002222 -0.000045 -0.000068
-0.192037 -0.507963 -0.000064 -0.000118
0.066667 -0.056481 -0.000057 -0.000124
0.092037 -0.119444 -0.000048 -0.000136
0.030926 0.066667 -0.000045 -0.000129
-0.015185 0.181852 -0.000046 -0.000111
0.031111 -0.102593 -0.000043 -0.000121
0.038519 -0.007963 -0.000039 -0.000122
-0.005556 -0.043333 -0.000040 -0.000127
-0.074074 0.053889 -0.000047 -0.000121
-0.005741 0.086296 -0.000048 -0.000113
0.070926 -0.142407 -0.000041 -0.000127
0.288519 0.458333 -0.000012 -0.000081
0.147222 0.429815 0.000003 -0.000038
-0.081481 -0.145000 -0.000005 -0.000052
0.053519 0.127593 0.000000 -0.000040
0.041852 -0.067037 0.000004 -0.000046
0.283519 0.535185 0.000033 0.000007
-0.141296 9.258704 0.000018 0.000933
-0.641296 10.649815 -0.000046 0.001998
-0.161111 8.498148 -0.000062 0.002848
2.700000 7.208333 0.000208 0.003569
-0.501852 6.026667 0.000158 0.004171
-5.988519 3.221852 -0.000441 0.004493
-0.393148 0.071296 -0.000480 0.004501
0.426667 -1.553148 -0.000438 0.004345
0.986667 -1.126667 -0.000339 0.004233
0.437778 -0.084815 -0.000295 0.004224
-0.630556 1.522963 -0.000358 0.004376
-1.032222 0.865000 -0.000461 0.004463
-0.945556 0.652037 -0.000556 0.004528
-0.104074 -0.472593 -0.000566 0.004481
0.008704 -0.426296 -0.000565 0.004438
-0.605556 -0.172222 -0.000626 0.004421
-0.346481 -0.090370 -0.000661 0.004412
-0.263519 -0.495556 -0.000687 0.004362
-0.245370 -1.335370 -0.000712 0.004229
-0.543519 -1.020370 -0.000766 0.004127
-0.877778 -2.002963 -0.000854 0.003927
-0.658148 -1.852222 -0.000919 0.003741
-0.783148 -1.895556 -0.000998 0.003552
-0.265000 -2.189444 -0.001024 0.003333
0.452407 -2.664630 -0.000979 0.003066
-0.052963 -2.598148 -0.000984 0.002807
-0.255185 -2.329444 -0.001010 0.002574
-0.262222 -2.113148 -0.001036 0.002362
0.094630 -2.064074 -0.001027 0.002156
0.223704 -2.184444 -0.001004 0.001937
-0.175000 -2.388519 -0.001022 0.001699
-0.313704 -2.092407 -0.001053 0.001489
-0.599074 -2.317593 -0.001113 0.001258
-0.677593 -2.827963 -0.001181 0.000975
-0.655370 -3.211667 -0.001246 0.000654
-0.632963 -4.041111 -0.001310 0.000250
-0.138519 -2.203333 -0.001323 0.000029
-0.047963 0.245000 -0.001328 0.000054
0.087037 -0.724630 -0.001320 -0.000019
0.039444 -0.152037 -0.001316 -0.000034
-0.182963 0.168704 -0.001334 -0.000017
-0.219630 -0.133519 -0.001356 -0.000030
-0.046852 -0.343889 -0.001361 -0.000065
0.008148 -0.047593 -0.001360 -0.000070
-0.118519 0.081667 -0.001372 -0.000061
-0.256481 0.087593 -0.001397 -0.000053
-0.292963 -0.171296 -0.001427 -0.000070
-0.005926 -0.276111 -0.001427 -0.000097
0.105926 -0.154630 -0.001417 -0.000113
0.150926 0.070370 -0.001401 -0.000106
0.078519 -0.200000 -0.001394 -0.000126
0.121296 0.041111 -0.001381 -0.000122
0.041852 0.016296 -0.001377 -0.000120
0.022778 -0.096296 -0.001375 -0.000130
0.064074 -0.010556 -0.001369 -0.000131
0.091111 0.133889 -0.001359 -0.000117
0.091852 0.090556 -0.001350 -0.000108
-0.030185 0.084444 -0.001353 -0.000100
-0.050185 0.014259 -0.001358 -0.000098
-0.100185 -0.003148 -0.001368 -0.000099
0.006667 0.018889 -0.001368 -0.000097
0.022407 -0.057037 -0.001365 -0.000103
0.040926 -0.047963 -0.001361 -0.000107
0.038704 0.033889 -0.001357 -0.000104
0.111481 0.004815 -0.001346 -0.000104
0.008704 -0.064630 -0.001345 -0.000110
-0.000185 -0.071111 -0.001345 -0.000117
0.056296 -0.042222 -0.001340 -0.000121
0.057407 -0.055741 -0.001334 -0.000127
0.014074 -0.013333 -0.001333 -0.000128
0.104815 -0.123333 -0.001322 -0.000141
0.167037 -0.075926 -0.001306 -0.000148
0.071852 -0.052407 -0.001298 -0.000153
0.028519 0.042407 -0.001295 -0.000149
-0.015741 0.091111 -0.001297 -0.000140
-0.023148 -0.071667 -0.001299 -0.000147
0.069630 -0.190556 -0.001292 -0.000166
0.087037 0.058333 -0.001284 -0.000160
0.054444 -0.062407 -0.001278 -0.000167
0.015370 -0.005370 -0.001277 -0.000167
0.009815 -0.026481 -0.001276 -0.000170
0.025370 -0.025000 -0.001273 -0.000172
0.021852 -0.018704 -0.001271 -0.000174
0.009444 -0.010000 -0.001270 -0.000175
0.008704 -0.010556 -0.001269 -0.000176
0.015741 -0.026111 -0.001268 -0.000179
0.019444 -0.030185 -0.001266 -0.000182
0.025185 -0.000185 -0.001263 -0.000182
0.025000 0.001481 -0.001261 -0.000182
0.022407 -0.012222 -0.001258 -0.000183
0.027037 -0.010556 -0.001256 -0.000184
0.028704 -0.009444 -0.001253 -0.000185
0.025185 -0.001481 -0.001250 -0.000185
0.022778 0.000926 -0.001248 -0.000185
0.023704 0.001481 -0.001246 -0.000185
0.032222 -0.163889 -0.001242 -0.000201
0.004444 0.135926 -0.001242 -0.000188
-0.036296 0.018889 -0.001246 -0.000186
-0.060556 -0.021111 -0.001252 -0.000188
-0.008704 -0.022963 -0.001253 -0.000190
0.005556 -0.026852 -0.001252 -0.000193
0.021481 -0.010741 -0.001250 -0.000194
0.023889 0.002963 -0.001247 -0.000194
0.019259 0.001852 -0.001246 -0.000194
0.021481 -0.027963 -0.001243 -0.000196
0.016667 0.007222 -0.001242 -0.000196
0.015000 -0.002407 -0.001240 -0.000196
-0.030370 -0.050370 -0.001243 -0.000201
-0.009630 -0.065741 -0.001244 -0.000207
0.010185 -0.025185 -0.001243 -0.000210
-0.000741 -0.011852 -0.001243 -0.000211
0.004074 -0.019074 -0.001243 -0.000213
0.012222 -0.019630 -0.001242 -0.000215
0.002778 -0.011111 -0.001241 -0.000216
0.001481 -0.002593 -0.001241 -0.000216
-0.000370 0.009259 -0.001241 -0.000215
0.005926 0.014074 -0.001241 -0.000214
0.008704 0.004630 -0.001240 -0.000214
0.030741 0.029815 -0.001237 -0.000211
0.035185 -0.035370 -0.001233 -0.000214
0.025926 0.006481 -0.001231 -0.000213
0.028333 0.002963 -0.001228 -0.000213
0.032407 -0.031296 -0.001225 -0.000216
0.015000 -0.027037 -0.001223 -0.000219
0.017593 -0.038889 -0.001221 -0.000223
0.012593 -0.036481 -0.001220 -0.000227
0.016296 -0.033704 -0.001218 -0.000230
0.018148 -0.024815 -0.001217 -0.000232
0.020185 -0.017222 -0.001215 -0.000234
0.017963 -0.030185 -0.001213 -0.000237
0.014815 -0.006667 -0.001211 -0.000238
0.017593 0.001481 -0.001210 -0.000238
0.025000 0.007963 -0.001207 -0.000237
0.019815 0.001481 -0.001205 -0.000237
0.014444 -0.003148 -0.001204 -0.000237
0.015741 -0.002222 -0.001202 -0.000237
0.015741 -0.011481 -0.001200 -0.000238
0.018889 -0.001111 -0.001199 -0.000239
0.012778 -0.003704 -0.001197 -0.000239
0.013889 0.000185 -0.001196 -0.000239
0.008519 -0.013704 -0.001195 -0.000240
0.003519 -0.032222 -0.001195 -0.000243
0.007407 -0.013704 -0.001194 -0.000245
0.016296 -0.001296 -0.001192 -0.000245
0.008889 0.005926 -0.001191 -0.000244
0.007963 0.013333 -0.001191 -0.000243
0.022593 -0.004259 -0.001188 -0.000243
0.047593 0.033333 -0.001184 -0.000240
0.031111 0.026111 -0.001181 -0.000238
0.032407 0.006296 -0.001177 -0.000237
0.026296 0.022407 -0.001175 -0.000235
0.026296 0.027037 -0.001172 -0.000232
0.040000 0.030185 -0.001168 -0.000229
0.033148 0.019630 -0.001165 -0.000227
0.018889 0.015556 -0.001163 -0.000225
0.034259 0.023333 -0.001159 -0.000223
0.074630 0.023148 -0.001152 -0.000221
0.081481 0.004074 -0.001144 -0.000220
0.108704 -0.056481 -0.001133 -0.000226
0.071852 0.012963 -0.001126 -0.000225
0.118889 -0.059074 -0.001114 -0.000231
0.134074 -0.056852 -0.001100 -0.000236
0.088704 -0.021481 -0.001092 -0.000238
0.450741 -0.273148 -0.001046 -0.000266
0.285370 -0.366852 -0.001018 -0.000302
0.312778 -0.427963 -0.000987 -0.000345
0.463704 -0.523704 -0.000940 -0.000398
0.214444 0.265370 -0.000919 -0.000371
0.321481 -0.291111 -0.000887 -0.000400
0.447963 0.235000 -0.000842 -0.000377
0.373889 0.287778 -0.000805 -0.000348
0.327778 0.177593 -0.000772 -0.000330
0.367778 0.749815 -0.000735 -0.000255
-0.347778 -0.177778 -0.000770 -0.000273
-0.112963 0.145370 -0.000781 -0.000258
0.114259 -0.451481 -0.000770 -0.000304
-0.512963 0.023889 -0.000821 -0.000301
-0.117593 0.066667 -0.000833 -0.000295
-0.436296 0.010926 -0.000876 -0.000293
-0.027593 0.373519 -0.000879 -0.000256
0.141667 0.248519 -0.000865 -0.000231
0.161481 0.311481 -0.000849 -0.000200
-0.435556 0.213519 -0.000892 -0.000179
-0.048333 -0.590926 -0.000897 -0.000238
-0.450556 0.015556 -0.000942 -0.000236
-0.150926 -0.413889 -0.000957 -0.000278
-0.216296 -0.335926 -0.000979 -0.000311
0.246481 -0.028148 -0.000954 -0.000314
0.131852 -0.282037 -0.000941 -0.000342
-0.124444 0.082037 -0.000954 -0.000334
0.304259 0.072407 -0.000923 -0.000327
0.060185 -0.002037 -0.000917 -0.000327
0.191111 -0.031481 -0.000898 -0.000330
-0.125000 0.478333 -0.000910 -0.000282
0.033519 0.070185 -0.000907 -0.000275
0.370556 0.295185 -0.000870 -0.000246
-0.014074 -0.280370 -0.000871 -0.000274
0.249630 0.069259 -0.000846 -0.000267
-0.226481 -0.055741 -0.000869 -0.000272
-0.151481 -0.637037 -0.000884 -0.000336
-0.032407 -0.155556 -0.000888 -0.000352
0.312407 -0.523519 -0.000856 -0.000404
0.060185 0.432963 -0.000850 -0.000361
0.110000 -0.093148 -0.000839 -0.000370
0.126667 0.396852 -0.000827 -0.000330
0.074074 0.692037 -0.000819 -0.000261
0.115741 0.161296 -0.000808 -0.000245
-0.052778 0.306111 -0.000813 -0.000214
-0.028519 -0.553148 -0.000816 -0.000270
-0.334815 -0.289444 -0.000849 -0.000299
0.138704 -0.113889 -0.000835 -0.000310
-0.046667 -0.171667 -0.000840 -0.000327
-0.220185 0.028333 -0.000862 -0.000324
-0.130556 0.075741 -0.000875 -0.000317
-0.108704 -0.479259 -0.000886 -0.000365
-0.224815 -0.337778 -0.000908 -0.000399
0.130926 0.214815 -0.000895 -0.000377
0.110556 -0.356481 -0.000884 -0.000413
-0.485741 0.064815 -0.000933 -0.000406
0.342778 0.015370 -0.000899 -0.000405
0.027963 0.111852 -0.000896 -0.000394
-0.360556 0.660556 -0.000932 -0.000327
0.152037 -0.109815 -0.000917 -0.000338
-0.241481 0.349074 -0.000941 -0.000304
0.264074 -0.106111 -0.000914 -0.000314
-0.321852 -0.234815 -0.000947 -0.000338
-0.310185 0.162407 -0.000978 -0.000321
-0.174259 -0.026852 -0.000995 -0.000324
-0.043148 0.026111 -0.000999 -0.000321
-0.367037 0.156852 -0.001036 -0.000306
-0.364259 -0.054815 -0.001072 -0.000311
-0.272037 -0.095000 -0.001100 -0.000321
-0.070926 -0.276296 -0.001107 -0.000348
-0.080185 -0.072222 -0.001115 -0.000356
-0.053148 -0.073519 -0.001120 -0.000363
-0.108519 -0.117407 -0.001131 -0.000375
-0.022222 -0.174444 -0.001133 -0.000392
-0.009815 -0.093519 -0.001134 -0.000402
0.017037 -0.046111 -0.001132 -0.000406
0.048333 0.012037 -0.001128 -0.000405
0.024259 0.063519 -0.001125 -0.000399
0.014815 0.055185 -0.001124 -0.000393
-0.001296 -0.015185 -0.001124 -0.000395
0.015370 0.025741 -0.001122 -0.000392
0.023333 -0.023889 -0.001120 -0.000394
0.029074 -0.039815 -0.001117 -0.000398
0.025370 -0.030185 -0.001115 -0.000401
0.002407 -0.036667 -0.001114 -0.000405
-0.000926 -0.027778 -0.001114 -0.000408
0.004630 -0.040556 -0.001114 -0.000412
0.011296 -0.039630 -0.001113 -0.000416
0.016852 -0.032963 -0.001111 -0.000419
0.024074 -0.027407 -0.001109 -0.000422
0.017222 -0.028519 -0.001107 -0.000425
0.002037 -0.017593 -0.001107 -0.000427
-0.008333 -0.030000 -0.001108 -0.000430
-0.001111 -0.010926 -0.001108 -0.000431
0.004630 -0.012407 -0.001107 -0.000432
0.011852 -0.012407 -0.001106 -0.000433
0.016481 -0.008519 -0.001104 -0.000434
0.008333 -0.009444 -0.001104 -0.000435
0.019815 -0.012407 -0.001102 -0.000436
0.021852 -0.027407 -0.001099 -0.000439
0.030185 -0.028519 -0.001096 -0.000442
0.032593 -0.024074 -0.001093 -0.000444
0.026667 0.004259 -0.001090 -0.000444
0.031296 -0.029074 -0.001087 -0.000447
0.009074 -0.012778 -0.001086 -0.000448
0.004630 -0.039444 -0.001086 -0.000452
0.013333 -0.045926 -0.001085 -0.000456
0.011111 -0.036667 -0.001084 -0.000460
0.003889 -0.047963 -0.001083 -0.000465
-0.006481 -0.037037 -0.001084 -0.000469
-0.006667 -0.036111 -0.001084 -0.000472
-0.007593 -0.046481 -0.001085 -0.000477
0.004259 -0.046852 -0.001085 -0.000482
-0.002778 -0.029074 -0.001085 -0.000484
-0.001111 -0.026481 -0.001085 -0.000487
-0.007037 -0.063704 -0.001086 -0.000493
-0.012963 -0.031667 -0.001087 -0.000497
-0.013519 -0.018148 -0.001089 -0.000498
0.006111 -0.038889 -0.001088 -0.000502
0.002963 -0.020185 -0.001088 -0.000504
-0.010185 -0.014815 -0.001089 -0.000506
-0.020370 -0.042222 -0.001091 -0.000510
-0.043704 -0.004259 -0.001095 -0.000510
-0.032037 -0.017037 -0.001098 -0.000512
0.000185 -0.049444 -0.001098 -0.000517
0.008519 -0.013704 -0.001097 -0.000518
0.012407 0.004444 -0.001096 -0.000518
-0.003519 -0.007593 -0.001097 -0.000519
-0.017593 -0.004630 -0.001098 -0.000519
-0.012037 0.018519 -0.001099 -0.000517
-0.006667 0.014074 -0.001100 -0.000516
0.000741 0.006481 -0.001100 -0.000515
-0.006667 -0.010556 -0.001101 -0.000516
-0.012593 0.000556 -0.001102 -0.000516
-0.009815 -0.008519 -0.001103 -0.000517
-0.059444 0.054815 -0.001109 -0.000512
0.006852 -0.284630 -0.001108 -0.000540
0.065926 -0.063889 -0.001102 -0.000547
-0.054444 0.044074 -0.001107 -0.000542
-0.033889 -0.193519 -0.001110 -0.000562
-0.026111 -0.043148 -0.001113 -0.000566
-0.010370 -0.080370 -0.001114 -0.000574
-0.058704 -0.003889 -0.001120 -0.000574
0.023519 0.258889 -0.001118 -0.000548
-0.165370 0.593704 -0.001134 -0.000489
-0.057963 -0.020185 -0.001140 -0.000491
-0.179074 0.115741 -0.001158 -0.000479
-0.053704 -0.058889 -0.001163 -0.000485
-0.002222 -0.159444 -0.001163 -0.000501
0.038333 -0.158704 -0.001160 -0.000517
-0.035185 -0.215926 -0.001163 -0.000539
0.217963 -0.103704 -0.001141 -0.000549
-0.051852 0.054444 -0.001147 -0.000544
-0.019815 -0.100926 -0.001149 -0.000554
-0.009259 0.006111 -0.001149 -0.000553
0.027222 0.036111 -0.001147 -0.000550
0.017222 0.078519 -0.001145 -0.000542
-0.008889 -0.021481 -0.001146 -0.000544
0.030556 0.027963 -0.001143 -0.000541
0.051111 0.011111 -0.001138 -0.000540
0.045000 0.027778 -0.001133 -0.000537
0.019815 0.041481 -0.001131 -0.000533
0.019259 0.026481 -0.001129 -0.000530
0.030741 0.058148 -0.001126 -0.000525
-0.005556 0.040000 -0.001127 -0.000521
-0.024815 -0.000741 -0.001129 -0.000521
-0.000926 -0.014074 -0.001129 -0.000522
-0.014259 0.015185 -0.001131 -0.000521
-0.011481 -0.021296 -0.001132 -0.000523
-0.003333 -0.007963 -0.001132 -0.000523
-0.008889 0.056296 -0.001133 -0.000518
0.042963 0.105370 -0.001129 -0.000507
0.001296 0.001111 -0.001129 -0.000507
0.010185 0.000370 -0.001128 -0.000507
0.006296 0.010926 -0.001127 -0.000506
0.011296 -0.037778 -0.001126 -0.000510
0.024815 -0.017963 -0.001123 -0.000512
0.024630 -0.018148 -0.001121 -0.000513
0.020556 -0.000185 -0.001119 -0.000513
0.015926 -0.032037 -0.001117 -0.000517
0.020741 0.007037 -0.001115 -0.000516
0.014259 0.002778 -0.001114 -0.000516
0.008333 0.003889 -0.001113 -0.000515
0.013889 -0.037963 -0.001112 -0.000519
0.011111 0.041481 -0.001111 -0.000515
0.027593 0.079074 -0.001108 -0.000507
-0.007593 -0.042593 -0.001109 -0.000511
-0.023704 -0.078148 -0.001111 -0.000519
0.002037 -0.072222 -0.001111 -0.000526
0.020370 -0.054630 -0.001109 -0.000532
0.011296 -0.020741 -0.001108 -0.000534
0.006667 -0.042222 -0.001107 -0.000538
0.020370 -0.046667 -0.001105 -0.000543
0.011852 -0.031111 -0.001104 -0.000546
-0.000370 -0.022037 -0.001104 -0.000548
-0.004630 -0.016296 -0.001104 -0.000550
0.007037 0.008333 -0.001103 -0.000549
0.004630 0.018519 -0.001103 -0.000547
-0.001852 0.035926 -0.001103 -0.000543
-0.011852 0.040000 -0.001104 -0.000539
-0.006296 0.048519 -0.001105 -0.000535
-0.012963 0.050000 -0.001106 -0.000530
-0.002778 0.067407 -0.001107 -0.000523
-0.002593 0.064815 -0.001107 -0.000516
-0.025370 0.026667 -0.001109 -0.000514
-0.007593 -0.000926 -0.001110 -0.000514
0.017037 0.030000 -0.001108 -0.000511
0.015556 0.011481 -0.001107 -0.000510
0.015741 -0.003333 -0.001105 -0.000510
0.012222 -0.003333 -0.001104 -0.000510
0.018148 -0.017222 -0.001102 -0.000512
-0.002963 -0.032963 -0.001103 -0.000515
0.005741 -0.036111 -0.001102 -0.000519
0.003148 -0.015185 -0.001102 -0.000520
-0.012963 -0.012963 -0.001103 -0.000522
-0.009074 -0.000556 -0.001104 -0.000522
-0.026481 0.032778 -0.001107 -0.000518
-0.027778 0.040556 -0.001109 -0.000514
-0.034444 0.031852 -0.001113 -0.000511
-0.031481 0.010185 -0.001116 -0.000510
-0.016296 0.011296 -0.001118 -0.000509
-0.005370 0.004630 -0.001118 -0.000509
0.001296 -0.004259 -0.001118 -0.000509
0.009444 -0.015370 -0.001117 -0.000511
0.022407 -0.007222 -0.001115 -0.000511
0.017593 -0.018889 -0.001113 -0.000513
0.002593 -0.002222 -0.001113 -0.000513
-0.008148 0.000926 -0.001114 -0.000513
-0.008704 0.000185 -0.001114 -0.000513
-0.007593 -0.008333 -0.001115 -0.000514
-0.005926 -0.006667 -0.001116 -0.000515
-0.006296 -0.002222 -0.001116 -0.000515
-0.011481 -0.008519 -0.001118 -0.000516
-0.011667 -0.006481 -0.001119 -0.000517
-0.007222 -0.005000 -0.001119 -0.000517
-0.005556 0.001667 -0.001120 -0.000517
-0.007222 0.000926 -0.001121 -0.000517
-0.001296 -0.006852 -0.001121 -0.000517
-0.001667 0.002407 -0.001121 -0.000517
-0.009259 -0.005370 -0.001122 -0.000518
0.004444 -0.000926 -0.001121 -0.000518
-0.005370 -0.000926 -0.001122 -0.000518
-0.001481 -0.007407 -0.001122 -0.000519
0.000926 -0.005556 -0.001122 -0.000519
-0.002778 -0.003704 -0.001122 -0.000520
0.004444 -0.004815 -0.001122 -0.000520
0.002778 0.000000 -0.001122 -0.000520
-0.002222 -0.000926 -0.001122 -0.000520
-0.006481 -0.011296 -0.001122 -0.000521
0.007407 -0.004630 -0.001122 -0.000522
0.005000 0.000741 -0.001121 -0.000522
0.005926 -0.000556 -0.001121 -0.000522
0.008519 -0.007963 -0.001120 -0.000523
-0.001852 -0.004630 -0.001120 -0.000523
-0.009630 0.001852 -0.001121 -0.000523
-0.005370 -0.001852 -0.001121 -0.000523
-0.000926 0.004444 -0.001122 -0.000523
-0.002593 0.003704 -0.001122 -0.000522
-0.001667 0.007222 -0.001122 -0.000521
-0.004074 0.002963 -0.001122 -0.000521
0.000185 -0.004259 -0.001122 -0.000522
-0.002963 -0.000926 -0.001123 -0.000522
0.002963 -0.001852 -0.001122 -0.000522
0.005185 -0.006481 -0.001122 -0.000523
0.009259 0.002963 -0.001121 -0.000522
-0.000370 -0.000741 -0.001121 -0.000522
0.005926 0.002963 -0.001120 -0.000522
-0.004630 0.010000 -0.001121 -0.000521
-0.008889 0.011481 -0.001122 -0.000520
-0.008148 -0.002593 -0.001123 -0.000520
-0.013704 0.004815 -0.001124 -0.000520
0.001481 0.000185 -0.001124 -0.000520
-0.005000 0.001481 -0.001124 -0.000519
-0.002593 -0.000741 -0.001125 -0.000520
-0.001852 0.002963 -0.001125 -0.000519
-0.002778 0.002778 -0.001125 -0.000519
-0.004444 -0.000556 -0.001125 -0.000519
-0.003519 -0.002593 -0.001126 -0.000519
-0.008519 -0.000926 -0.001127 -0.000519
-0.004259 -0.004074 -0.001127 -0.000520
-0.005370 -0.008148 -0.001128 -0.000521
-0.000556 -0.005556 -0.001128 -0.000521
-0.000741 0.000000 -0.001128 -0.000521
-0.002222 -0.001852 -0.001128 -0.000521
0.001111 -0.004630 -0.001128 -0.000522
-0.003148 0.002778 -0.001128 -0.000522
0.002778 -0.004444 -0.001128 -0.000522
-0.001481 -0.000926 -0.001128 -0.000522
-0.003333 -0.002037 -0.001128 -0.000522
-0.004074 -0.005370 -0.001129 -0.000523
-0.004074 -0.001852 -0.001129 -0.000523
-0.003333 -0.002778 -0.001130 -0.000523
0.001111 0.006111 -0.001129 -0.000523
-0.001296 -0.000185 -0.001130 -0.000523
-0.001667 0.002778 -0.001130 -0.000522
-0.000741 0.003704 -0.001130 -0.000522
-0.008704 0.009074 -0.001131 -0.000521
-0.009815 0.004630 -0.001132 -0.000521
-0.007778 0.001296 -0.001132 -0.000521
-0.004630 0.000926 -0.001133 -0.000520
-0.003704 0.001667 -0.001133 -0.000520
-0.004074 -0.007222 -0.001134 -0.000521
0.000926 -0.004630 -0.001134 -0.000521
-0.005000 0.001667 -0.001134 -0.000521
-0.004444 0.000926 -0.001135 -0.000521
-0.003704 -0.000556 -0.001135 -0.000521
-0.012778 0.005000 -0.001136 -0.000521
-0.005185 0.011481 -0.001137 -0.000520
-0.010556 -0.001296 -0.001138 -0.000520
-0.005185 -0.002778 -0.001138 -0.000520
-0.002963 -0.006296 -0.001139 -0.000521
-0.003333 -0.002778 -0.001139 -0.000521
-0.000556 -0.006481 -0.001139 -0.000522
-0.000741 -0.000926 -0.001139 -0.000522
-0.004259 0.000926 -0.001139 -0.000522
-0.002407 -0.004630 -0.001140 -0.000522
-0.001852 0.004444 -0.001140 -0.000522
-0.005000 0.005370 -0.001140 -0.000521
-0.012778 0.002778 -0.001142 -0.000521
-0.003333 0.001667 -0.001142 -0.000521
-0.004074 0.000926 -0.001142 -0.000521
-0.005000 0.005370 -0.001143 -0.000520
-0.003148 -0.002593 -0.001143 -0.000520
-0.006667 -0.003519 -0.001144 -0.000521
-0.005000 -0.000926 -0.001144 -0.000521
-0.007593 0.000926 -0.001145 -0.000521
-0.006667 -0.005556 -0.001146 -0.000521
-0.004815 -0.012593 -0.001146 -0.000522
-0.002963 -0.003704 -0.001147 -0.000523
0.000185 -0.003704 -0.001147 -0.000523
-0.004074 -0.003704 -0.001147 -0.000524
-0.002593 0.003704 -0.001147 -0.000523
-0.007407 -0.000926 -0.001148 -0.000523
-0.004074 -0.005556 -0.001148 -0.000524
-0.007593 -0.006111 -0.001149 -0.000524
-0.005000 -0.001852 -0.001150 -0.000525
-0.011852 -0.002407 -0.001151 -0.000525
-0.009259 -0.008704 -0.001152 -0.000526
0.002963 -0.002778 -0.001151 -0.000526
-0.002037 -0.001667 -0.001152 -0.000526
-0.002222 -0.000926 -0.001152 -0.000526
-0.005185 0.005556 -0.001152 -0.000526
-0.004259 0.003704 -0.001153 -0.000525
-0.008333 -0.004259 -0.001154 -0.000526
-0.005556 0.000926 -0.001154 -0.000526
-0.005370 -0.000741 -0.001155 -0.000526
-0.002407 -0.005000 -0.001155 -0.000526
0.000926 0.005741 -0.001155 -0.000526
-0.002407 -0.003704 -0.001155 -0.000526
-0.003519 -0.002037 -0.001155 -0.000526
-0.010556 0.006481 -0.001157 -0.000526
-0.010556 0.002037 -0.001158 -0.000525
-0.011852 0.007407 -0.001159 -0.000525
-0.004074 -0.001852 -0.001159 -0.000525
0.002963 -0.004444 -0.001159 -0.000525
-0.001481 -0.003333 -0.001159 -0.000526
-0.005556 -0.000926 -0.001160 -0.000526
-0.006481 -0.001667 -0.001160 -0.000526
-0.003333 -0.005185 -0.001161 -0.000526
-0.002222 0.007222 -0.001161 -0.000526
-0.005000 0.005556 -0.001161 -0.000525
-0.009074 0.006481 -0.001162 -0.000524
-0.009815 -0.000556 -0.001163 -0.000525
-0.003704 -0.003704 -0.001164 -0.000525
-0.002037 -0.008889 -0.001164 -0.000526
0.000741 0.003333 -0.001164 -0.000525
-0.004630 0.000556 -0.001164 -0.000525
-0.006296 -0.001852 -0.001165 -0.000526
-0.009444 -0.002407 -0.001166 -0.000526
-0.007593 0.001481 -0.001166 -0.000526
-0.010185 -0.001852 -0.001167 -0.000526
-0.008519 -0.007593 -0.001168 -0.000527
-0.008519 -0.004444 -0.001169 -0.000527
-0.006667 -0.002593 -0.001170 -0.000527
-0.011667 0.000556 -0.001171 -0.000527
-0.013519 -0.014630 -0.001172 -0.000529
-0.003889 -0.008889 -0.001173 -0.000530
-0.008889 -0.003704 -0.001174 -0.000530
-0.004630 -0.002778 -0.001174 -0.000530
-0.007963 -0.007963 -0.001175 -0.000531
-0.008889 -0.007222 -0.001176 -0.000532
-0.006296 -0.010185 -0.001176 -0.000533
-0.000370 -0.008333 -0.001176 -0.000534
-0.000370 -0.005556 -0.001177 -0.000534
-0.005370 -0.001852 -0.001177 -0.000534
-0.006667 0.000000 -0.001178 -0.000534
0.000556 -0.014815 -0.001178 -0.000536
0.006296 -0.020926 -0.001177 -0.000538
0.003889 -0.030370 -0.001177 -0.000541
0.007037 -0.023148 -0.001176 -0.000543
0.007593 -0.013333 -0.001175 -0.000545
0.005741 0.004630 -0.001175 -0.000544
-0.000741 0.020000 -0.001175 -0.000542
-0.020000 -0.002963 -0.001177 -0.000542
-0.024259 -0.004815 -0.001179 -0.000543
-0.021296 -0.009815 -0.001181 -0.000544
-0.009074 -0.017407 -0.001182 -0.000546
-0.017963 -0.002407 -0.001184 -0.000546
-0.028519 -0.002778 -0.001187 -0.000546
-0.016111 0.001296 -0.001188 -0.000546
-0.006852 0.000185 -0.001189 -0.000546
-0.010000 -0.002963 -0.001190 -0.000546
-0.007963 -0.014815 -0.001191 -0.000548
-0.005000 -0.022037 -0.001191 -0.000550
0.002963 -0.021296 -0.001191 -0.000552
0.008333 -0.017593 -0.001190 -0.000554
0.007963 -0.027222 -0.001189 -0.000557
0.012593 -0.026852 -0.001188 -0.000559
0.019630 -0.021296 -0.001186 -0.000561
-0.007222 -0.000185 -0.001187 -0.000561
-0.007222 -0.005556 -0.001188 -0.000562
-0.010370 -0.004444 -0.001189 -0.000562
-0.008889 0.011296 -0.001190 -0.000561
-0.011852 0.013889 -0.001191 -0.000560
-0.024630 0.012963 -0.001193 -0.000559
-0.024444 0.000370 -0.001196 -0.000559
-0.019815 -0.008519 -0.001198 -0.000559
-0.005741 -0.004630 -0.001198 -0.000560
-0.017407 -0.011111 -0.001200 -0.000561
-0.008148 -0.005000 -0.001201 -0.000562
-0.004074 -0.007963 -0.001201 -0.000562
-0.011852 -0.003704 -0.001202 -0.000563
-0.016852 -0.007407 -0.001204 -0.000563
-0.009630 -0.019815 -0.001205 -0.000565
-0.004259 -0.022778 -0.001205 -0.000568
0.010926 -0.011111 -0.001204 -0.000569
0.005000 -0.003889 -0.001204 -0.000569
-0.007407 0.022963 -0.001205 -0.000567
-0.006296 -0.005370 -0.001205 -0.000567
-0.001481 -0.001111 -0.001205 -0.000568
-0.004630 0.001481 -0.001206 -0.000567
-0.002593 -0.010370 -0.001206 -0.000568
-0.000556 -0.013889 -0.001206 -0.000570
-0.005000 -0.016481 -0.001207 -0.000571
-0.002963 -0.011111 -0.001207 -0.000573
-0.005185 -0.007778 -0.001207 -0.000573
-0.006852 0.004630 -0.001208 -0.000573
-0.007778 0.013889 -0.001209 -0.000572
-0.013519 0.015000 -0.001210 -0.000570
-0.014074 0.010370 -0.001212 -0.000569
-0.029444 0.001667 -0.001215 -0.000569
-0.019259 -0.028889 -0.001217 -0.000572
-0.010556 -0.030556 -0.001218 -0.000575
-0.021852 -0.044444 -0.001220 -0.000579
-0.016296 -0.039259 -0.001221 -0.000583
-0.038333 -0.060556 -0.001225 -0.000589
-0.011667 -0.035926 -0.001226 -0.000593
-0.021852 0.011111 -0.001229 -0.000592
-0.024074 0.009630 -0.001231 -0.000591
-0.018148 0.035185 -0.001233 -0.000587
-0.025741 0.029444 -0.001235 -0.000584
-0.036481 0.002593 -0.001239 -0.000584
-0.026481 -0.028333 -0.001242 -0.000587
-0.003704 -0.027222 -0.001242 -0.000590
-0.014630 -0.035741 -0.001244 -0.000593
-0.017593 -0.044815 -0.001245 -0.000598
-0.014444 -0.042222 -0.001247 -0.000602
-0.042593 -0.048889 -0.001251 -0.000607
-0.009259 0.021481 -0.001252 -0.000605
-0.009074 0.001481 -0.001253 -0.000604
-0.010556 0.003704 -0.001254 -0.000604
-0.018333 0.018889 -0.001256 -0.000602
-0.016481 -0.354074 -0.001257 -0.000638
-0.052593 0.465000 -0.001263 -0.000591
0.070000 -0.102778 -0.001256 -0.000601
-0.066667 0.584074 -0.001262 -0.000543
0.145741 0.044259 -0.001248 -0.000538
-0.060556 0.134815 -0.001254 -0.000525
-0.032407 0.080741 -0.001257 -0.000517
-0.017222 0.005000 -0.001259 -0.000516
0.007778 0.027593 -0.001258 -0.000514
0.038148 0.116852 -0.001254 -0.000502
-0.032963 0.100556 -0.001257 -0.000492
-0.015000 0.051296 -0.001259 -0.000487
0.003333 0.078889 -0.001259 -0.000479
0.018704 0.088148 -0.001257 -0.000470
-0.003889 0.147407 -0.001257 -0.000455
-0.002778 0.122037 -0.001257 -0.000443
-0.022222 0.125926 -0.001260 -0.000431
-0.101111 0.094815 -0.001270 -0.000421
-0.050556 0.018704 -0.001275 -0.000419
-0.023704 -0.044815 -0.001277 -0.000424
-0.047593 0.012963 -0.001282 -0.000422
-0.037778 -0.098704 -0.001286 -0.000432
0.017407 -0.174444 -0.001284 -0.000450
-0.001111 -0.097037 -0.001284 -0.000459
-0.088148 0.079815 -0.001293 -0.000451
-0.143333 0.130185 -0.001307 -0.000438
-0.175741 0.042963 -0.001325 -0.000434
-0.195741 -0.058889 -0.001344 -0.000440
-0.192222 -0.108704 -0.001364 -0.000451
-0.302963 -0.065370 -0.001394 -0.000457
-0.233333 -0.010741 -0.001417 -0.000458
-0.189444 -0.070926 -0.001436 -0.000466
-0.253704 -0.115185 -0.001462 -0.000477
-0.262778 -0.106111 -0.001488 -0.000488
-0.375000 -0.121481 -0.001525 -0.000500
-0.327963 -0.028889 -0.001558 -0.000503
-0.311667 0.009630 -0.001589 -0.000502
-0.390370 -0.002778 -0.001628 -0.000502
-0.312222 0.154815 -0.001660 -0.000487
-0.129815 -0.057963 -0.001673 -0.000492
-0.247407 -0.031111 -0.001697 -0.000495
-0.096852 -0.037778 -0.001707 -0.000499
-0.279444 -0.151296 -0.001735 -0.000514
-0.160185 0.075185 -0.001751 -0.000507
-0.071111 0.114074 -0.001758 -0.000495
-0.184815 0.280000 -0.001777 -0.000467
-0.208889 -0.013519 -0.001797 -0.000469
-0.067963 0.113148 -0.001804 -0.000458
-0.198148 -0.118889 -0.001824 -0.000469
-0.052778 0.089630 -0.001829 -0.000460
-0.072407 0.020926 -0.001837 -0.000458
-0.037593 0.186111 -0.001840 -0.000440
-0.022037 -0.093148 -0.001843 -0.000449
-0.075000 -0.043333 -0.001850 -0.000453
0.071852 -0.162778 -0.001843 -0.000470
-0.107407 -0.140556 -0.001854 -0.000484
-0.189074 -0.059444 -0.001872 -0.000490
-0.081481 -0.105556 -0.001881 -0.000500
-0.065000 -0.041852 -0.001887 -0.000504
0.051667 0.010556 -0.001882 -0.000503
-0.084630 0.046481 -0.001890 -0.000499
-0.197963 -0.045000 -0.001910 -0.000503
-0.305926 -0.215000 -0.001941 -0.000525
-0.001111 -0.166481 -0.001941 -0.000541
0.157778 -0.077778 -0.001925 -0.000549
0.026667 -0.010000 -0.001922 -0.000550
-0.076481 0.040741 -0.001930 -0.000546
0.218889 0.077407 -0.001908 -0.000538
0.033889 0.029630 -0.001905 -0.000535
0.159259 0.236481 -0.001889 -0.000512
-0.188333 -0.159444 -0.001908 -0.000528
-0.071481 -0.033704 -0.001915 -0.000531
-0.068148 -0.003333 -0.001922 -0.000531
-0.046852 -0.121111 -0.001926 -0.000543
0.074074 -0.017222 -0.001919 -0.000545
0.061852 0.079444 -0.001913 -0.000537
0.010926 0.177407 -0.001912 -0.000519
0.079259 0.221667 -0.001904 -0.000497
0.046481 0.145185 -0.001899 -0.000483
0.057778 0.125926 -0.001893 -0.000470
0.135926 0.037593 -0.001880 -0.000466
0.125370 -0.008889 -0.001867 -0.000467
0.186481 -0.022593 -0.001849 -0.000470
-0.020926 -0.016667 -0.001851 -0.000471
0.006481 0.062222 -0.001850 -0.000465
-0.042037 0.021296 -0.001854 -0.000463
0.068704 0.062778 -0.001847 -0.000457
0.099630 0.096111 -0.001837 -0.000447
-0.089630 0.110741 -0.001846 -0.000436
-0.009074 0.050185 -0.001847 -0.000431
0.054630 0.023148 -0.001842 -0.000429
0.188519 0.222407 -0.001823 -0.000406
0.080185 -0.061481 -0.001815 -0.000413
0.270926 0.289444 -0.001788 -0.000384
0.239444 0.265370 -0.001764 -0.000357
0.113704 0.374630 -0.001753 -0.000320
0.080556 0.473148 -0.001744 -0.000272
0.258333 0.499630 -0.001719 -0.000222
0.062407 0.185556 -0.001712 -0.000204
0.080370 -0.514444 -0.001704 -0.000255
0.469074 0.093889 -0.001657 -0.000246
0.017963 -0.122778 -0.001656 -0.000258
-0.020185 -0.164815 -0.001658 -0.000275
0.067778 -0.203519 -0.001651 -0.000295
-0.030556 -0.285185 -0.001654 -0.000323
0.130741 -0.292222 -0.001641 -0.000353
0.173889 -0.453519 -0.001623 -0.000398
0.205000 -0.217407 -0.001603 -0.000420
0.272778 -0.320370 -0.001576 -0.000452
0.301667 -0.139444 -0.001546 -0.000466
0.352963 -0.071296 -0.001510 -0.000473
0.368519 -0.001852 -0.001473 -0.000473
0.230370 -0.082963 -0.001450 -0.000481
0.300185 0.079815 -0.001420 -0.000473
0.262593 0.137778 -0.001394 -0.000460
0.168148 0.138704 -0.001377 -0.000446
-0.060556 0.023704 -0.001383 -0.000443
0.014444 0.007037 -0.001382 -0.000443
0.027963 0.116667 -0.001379 -0.000431
-0.005370 0.089074 -0.001380 -0.000422
-0.000185 0.077778 -0.001380 -0.000414
-0.000741 0.017963 -0.001380 -0.000412
-0.006111 -0.015926 -0.001380 -0.000414
-0.013148 -0.035926 -0.001382 -0.000418
0.020370 -0.059444 -0.001380 -0.000424
0.015926 0.009630 -0.001378 -0.000423
0.000741 0.002222 -0.001378 -0.000422
0.012593 -0.034074 -0.001377 -0.000426
-0.020741 0.011667 -0.001379 -0.000425
-0.018333 0.011852 -0.001381 -0.000423
-0.014630 -0.001667 -0.001382 -0.000424
-0.031667 0.010185 -0.001385 -0.000423
0.013704 -0.038889 -0.001384 -0.000427
-0.017593 -0.003889 -0.001386 -0.000427
-0.008704 0.000926 -0.001386 -0.000427
0.001481 -0.017963 -0.001386 -0.000429
0.004444 0.026296 -0.001386 -0.000426
-0.025185 0.004444 -0.001388 -0.000426
0.000556 0.004630 -0.001388 -0.000425
-0.001667 0.001481 -0.001389 -0.000425
-0.008148 -0.001481 -0.001389 -0.000425
0.003519 -0.020000 -0.001389 -0.000427
-0.001296 0.005370 -0.001389 -0.000427
-0.009444 -0.001111 -0.001390 -0.000427
0.026296 -0.076667 -0.001387 -0.000434
-0.002222 -0.040000 -0.001388 -0.000438
-0.016852 -0.017963 -0.001389 -0.000440
-0.018333 0.001852 -0.001391 -0.000440
0.000926 -0.002963 -0.001391 -0.000440
-0.030185 -0.003704 -0.001394 -0.000441
-0.003889 -0.019259 -0.001394 -0.000443
-0.037778 -0.007963 -0.001398 -0.000443
-0.005370 -0.006852 -0.001399 -0.000444
-0.015926 -0.015556 -0.001400 -0.000446
-0.008148 -0.024630 -0.001401 -0.000448
-0.013333 -0.020370 -0.001403 -0.000450
-0.024815 -0.015926 -0.001405 -0.000452
-0.012222 -0.007778 -0.001406 -0.000452
-0.022407 0.009444 -0.001408 -0.000451
-0.019630 -0.020000 -0.001410 -0.000453
-0.020926 -0.003704 -0.001413 -0.000454
-0.030926 -0.019815 -0.001416 -0.000456
-0.022963 -0.020370 -0.001418 -0.000458
-0.004630 -0.003704 -0.001418 -0.000458
-0.016852 0.014815 -0.001420 -0.000457
-0.019074 -0.020370 -0.001422 -0.000459
-0.013148 -0.019259 -0.001423 -0.000461
-0.014074 -0.017222 -0.001425 -0.000462
-0.017963 -0.002037 -0.001426 -0.000463
-0.020185 -0.018704 -0.001429 -0.000465
-0.012222 -0.019815 -0.001430 -0.000467
-0.015370 -0.015000 -0.001431 -0.000468
-0.012037 -0.003704 -0.001432 -0.000468
-0.039815 -0.024259 -0.001436 -0.000471
-0.042222 -0.028333 -0.001441 -0.000474
-0.040741 0.004074 -0.001445 -0.000473
-0.009259 0.021296 -0.001446 -0.000471
-0.005370 -0.026111 -0.001446 -0.000474
-0.004630 -0.011481 -0.001447 -0.000475
-0.007037 -0.012222 -0.001447 -0.000476
-0.010370 0.005370 -0.001448 -0.000476
-0.014630 0.003704 -0.001450 -0.000475
-0.014815 0.011111 -0.001451 -0.000474
-0.009815 0.005000 -0.001452 -0.000474
-0.004444 0.012593 -0.001453 -0.000472
-0.021296 0.007963 -0.001455 -0.000472
0.016852 0.005556 -0.001453 -0.000471
-0.036111 0.037037 -0.001457 -0.000467
-0.050556 0.027778 -0.001462 -0.000464
-0.017037 -0.015185 -0.001464 -0.000466
-0.041296 -0.053704 -0.001468 -0.000471
0.002222 -0.052222 -0.001468 -0.000477
-0.009815 -0.046296 -0.001468 -0.000481
0.018333 0.016111 -0.001467 -0.000480
-0.039815 0.036111 -0.001471 -0.000476
0.009074 0.015556 -0.001470 -0.000474
0.087593 -0.012037 -0.001461 -0.000476
0.158148 -0.042222 -0.001445 -0.000480
0.178519 0.044444 -0.001427 -0.000475
0.256481 -0.097407 -0.001402 -0.000485
0.267963 0.107037 -0.001375 -0.000474
0.310926 0.160741 -0.001344 -0.000458
0.274444 -0.065370 -0.001316 -0.000465
0.301852 0.124259 -0.001286 -0.000452
0.293333 0.147037 -0.001257 -0.000438
0.295926 -0.036667 -0.001227 -0.000441
0.296481 0.131296 -0.001198 -0.000428
0.345000 0.189259 -0.001163 -0.000409
0.189815 0.061296 -0.001144 -0.000403
0.249259 0.023519 -0.001119 -0.000401
0.285000 0.139444 -0.001091 -0.000387
0.243519 0.202963 -0.001066 -0.000367
0.160556 0.214444 -0.001050 -0.000345
0.141111 0.095185 -0.001036 -0.000336
-0.102963 -0.044444 -0.001046 -0.000340
0.030741 -0.170370 -0.001043 -0.000357
-0.207407 -0.115185 -0.001064 -0.000369
0.429259 -0.335370 -0.001021 -0.000402
-0.321667 -0.309630 -0.001053 -0.000433
-0.107407 -0.083148 -0.001064 -0.000442
0.157222 -0.097963 -0.001048 -0.000451
-0.071667 0.001852 -0.001056 -0.000451
-0.429259 0.046852 -0.001098 -0.000446
-0.158148 0.017593 -0.001114 -0.000445
0.076481 0.214074 -0.001107 -0.000423
-0.224444 -0.165185 -0.001129 -0.000440
-0.340556 -0.292963 -0.001163 -0.000469
-0.033333 -0.035370 -0.001166 -0.000473
0.017222 0.174259 -0.001165 -0.000455
-0.001296 -0.085741 -0.001165 -0.000464
-0.201111 0.178889 -0.001185 -0.000446
-0.189074 -0.154444 -0.001204 -0.000461
-0.292593 -0.033148 -0.001233 -0.000465
-0.004815 -0.737778 -0.001234 -0.000538
0.091296 -0.179815 -0.001224 -0.000556
-0.009259 -0.130185 -0.001225 -0.000569
-0.110556 0.370556 -0.001236 -0.000532
-0.351852 0.107963 -0.001272 -0.000522
-0.058704 0.091667 -0.001278 -0.000512
-0.007407 -0.455556 -0.001278 -0.000558
-0.298148 -0.265000 -0.001308 -0.000584
-0.136111 -0.509630 -0.001322 -0.000635
-0.456667 -0.533333 -0.001367 -0.000689
0.018704 -0.236852 -0.001365 -0.000712
-0.205370 -0.058148 -0.001386 -0.000718
0.064444 0.081481 -0.001380 -0.000710
0.001667 -0.020000 -0.001379 -0.000712
-0.407778 0.107407 -0.001420 -0.000701
-0.380370 0.482407 -0.001458 -0.000653
-0.002593 -0.006481 -0.001458 -0.000654
-0.527963 -0.250926 -0.001511 -0.000679
-0.479444 -0.141111 -0.001559 -0.000693
0.151481 -0.517593 -0.001544 -0.000745
-0.067222 -0.280926 -0.001551 -0.000773
-0.091667 -0.236667 -0.001560 -0.000797
-0.117778 -0.287037 -0.001572 -0.000825
-0.274444 -0.142593 -0.001599 -0.000839
-0.113148 0.032037 -0.001611 -0.000836
-0.315741 -0.106667 -0.001642 -0.000847
-0.433889 0.163519 -0.001685 -0.000831
-0.198889 0.093704 -0.001705 -0.000821
-0.305185 0.120926 -0.001736 -0.000809
-0.263519 0.172222 -0.001762 -0.000792
-0.404259 0.101481 -0.001803 -0.000782
-0.419074 -0.144074 -0.001845 -0.000796
-0.121111 -0.150185 -0.001857 -0.000811
-0.106111 -0.077222 -0.001867 -0.000819
-0.062037 -0.075556 -0.001873 -0.000826
-0.022963 -0.046852 -0.001876 -0.000831
-0.033704 -0.008148 -0.001879 -0.000832
-0.042593 -0.006667 -0.001883 -0.000833
-0.042778 0.024815 -0.001888 -0.000830
-0.043148 0.036667 -0.001892 -0.000826
-0.035741 0.013148 -0.001896 -0.000825
-0.032593 -0.020926 -0.001899 -0.000827
-0.006667 -0.036852 -0.001900 -0.000831
0.014259 -0.037222 -0.001898 -0.000835
0.021481 -0.012593 -0.001896 -0.000836
0.017593 -0.007778 -0.001894 -0.000837
0.014630 -0.003519 -0.001893 -0.000837
0.002778 -0.017222 -0.001892 -0.000839
0.016667 0.016481 -0.001891 -0.000837
0.008704 0.020370 -0.001890 -0.000835
0.006296 0.032593 -0.001889 -0.000832
-0.003519 0.005741 -0.001890 -0.000831
0.011852 0.008519 -0.001888 -0.000830
0.034630 -0.022593 -0.001885 -0.000833
0.026667 0.024444 -0.001882 -0.000830
0.019444 0.000370 -0.001880 -0.000830
0.024630 0.018519 -0.001878 -0.000828
-0.005926 -0.011481 -0.001878 -0.000829
0.010926 -0.002593 -0.001877 -0.000830
0.014074 0.010741 -0.001876 -0.000829
0.014074 0.021481 -0.001875 -0.000827
0.005185 -0.005926 -0.001874 -0.000827
-0.018333 -0.000370 -0.001876 -0.000827
-0.004074 -0.017963 -0.001876 -0.000829
0.007778 -0.039630 -0.001876 -0.000833
0.013704 -0.015185 -0.001874 -0.000834
0.027407 -0.002407 -0.001871 -0.000835
-0.008889 0.019815 -0.001872 -0.000833
-0.004259 -0.009259 -0.001873 -0.000834
0.011667 -0.007778 -0.001872 -0.000834
0.009259 -0.011296 -0.001871 -0.000836
0.002778 0.001296 -0.001870 -0.000835
-0.022593 0.020741 -0.001873 -0.000833
-0.010556 -0.000556 -0.001874 -0.000833
-0.016111 -0.017407 -0.001875 -0.000835
-0.006667 -0.019074 -0.001876 -0.000837
-0.008519 -0.012222 -0.001877 -0.000838
-0.007593 -0.009815 -0.001878 -0.000839
0.004074 -0.007963 -0.001877 -0.000840
-0.005926 -0.002222 -0.001878 -0.000840
-0.004444 -0.008333 -0.001878 -0.000841
0.016667 0.016667 -0.001877 -0.000839
-0.009815 0.011111 -0.001878 -0.000838
-0.008148 0.007778 -0.001878 -0.000838
0.009444 0.022593 -0.001877 -0.000835
0.002222 0.004259 -0.001877 -0.000835
-0.007778 -0.004074 -0.001878 -0.000835
-0.001481 0.002037 -0.001878 -0.000835
-0.007778 -0.008889 -0.001879 -0.000836
-0.011296 -0.002778 -0.001880 -0.000836
0.020926 0.020185 -0.001878 -0.000834
-0.014815 0.007407 -0.001879 -0.000833
-0.011667 0.009074 -0.001881 -0.000833
-0.015185 0.013148 -0.001882 -0.000831
-0.016296 0.005556 -0.001884 -0.000831
-0.021481 0.000370 -0.001886 -0.000831
-0.020000 0.005926 -0.001888 -0.000830
-0.023519 0.000370 -0.001890 -0.000830
-0.020556 -0.004259 -0.001892 -0.000830
-0.019630 -0.006852 -0.001894 -0.000831
-0.019630 -0.016667 -0.001896 -0.000833
-0.010185 -0.007593 -0.001897 -0.000834
-0.011852 -0.006481 -0.001898 -0.000834
-0.018889 0.000185 -0.001900 -0.000834
-0.012963 -0.000741 -0.001902 -0.000834
-0.020556 0.006111 -0.001904 -0.000834
-0.025000 0.000000 -0.001906 -0.000834
-0.019074 -0.003519 -0.001908 -0.000834
-0.014815 0.000000 -0.001910 -0.000834
-0.022222 0.000926 -0.001912 -0.000834
-0.018704 0.008519 -0.001914 -0.000833
-0.023889 0.001667 -0.001916 -0.000833
-0.026667 -0.007407 -0.001919 -0.000834
-0.020556 -0.003889 -0.001921 -0.000834
-0.016296 -0.005556 -0.001922 -0.000835
-0.041667 0.026852 -0.001927 -0.000832
0.019074 0.001111 -0.001925 -0.000832
-0.022963 0.004630 -0.001927 -0.000831
-0.027963 0.000926 -0.001930 -0.000831
-0.021481 -0.006481 -0.001932 -0.000832
-0.022407 -0.006852 -0.001934 -0.000833
-0.020556 -0.014444 -0.001936 -0.000834
-0.018704 -0.005926 -0.001938 -0.000835
-0.015556 -0.010370 -0.001940 -0.000836
-0.014259 -0.001296 -0.001941 -0.000836
-0.015926 0.010370 -0.001943 -0.000835
-0.025000 -0.007778 -0.001945 -0.000835
-0.022593 -0.016481 -0.001947 -0.000837
-0.005741 -0.013519 -0.001948 -0.000838
-0.008333 -0.010000 -0.001949 -0.000839
-0.021852 -0.001296 -0.001951 -0.000840
-0.025000 -0.006481 -0.001953 -0.000840
-0.017222 -0.010000 -0.001955 -0.000841
-0.016667 -0.008704 -0.001957 -0.000842
-0.010000 -0.009815 -0.001958 -0.000843
-0.015185 -0.007037 -0.001959 -0.000844
-0.008333 -0.002222 -0.001960 -0.000844
-0.010926 0.001852 -0.001961 -0.000844
-0.017593 0.005741 -0.001963 -0.000843
-0.024444 -0.000370 -0.001965 -0.000843
-0.023519 0.001111 -0.001968 -0.000843
-0.019074 -0.002037 -0.001970 -0.000843
-0.022222 0.006481 -0.001972 -0.000843
-0.025370 -0.001852 -0.001974 -0.000843
-0.043704 -0.016296 -0.001979 -0.000845
-0.017778 -0.005926 -0.001981 -0.000845
-0.004444 -0.010000 -0.001981 -0.000846
-0.014259 -0.001667 -0.001982 -0.000846
-0.017407 -0.000926 -0.001984 -0.000846
-0.030741 0.000000 -0.001987 -0.000846
-0.026111 -0.012778 -0.001990 -0.000848
-0.014259 -0.007037 -0.001991 -0.000848
-0.008148 0.000000 -0.001992 -0.000848
-0.013519 -0.000926 -0.001994 -0.000848
-0.017593 0.002778 -0.001995 -0.000848
-0.024259 -0.001296 -0.001998 -0.000848
-0.022407 -0.007593 -0.002000 -0.000849
-0.023704 0.002593 -0.002002 -0.000849
-0.018889 -0.003704 -0.002004 -0.000849
-0.021667 -0.010741 -0.002006 -0.000850
-0.014815 -0.007222 -0.002008 -0.000851
-0.014074 -0.004074 -0.002009 -0.000851
-0.023148 -0.002593 -0.002012 -0.000852
-0.018704 -0.008148 -0.002013 -0.000852
-0.017963 -0.021296 -0.002015 -0.000855
-0.011852 -0.013889 -0.002016 -0.000856
-0.012037 -0.010185 -0.002018 -0.000857
-0.019630 -0.010185 -0.002020 -0.000858
-0.014630 -0.012593 -0.002021 -0.000859
-0.013704 -0.007407 -0.002022 -0.000860
-0.020000 -0.002778 -0.002024 -0.000860
-0.021667 0.000000 -0.002027 -0.000860
-0.019074 -0.007778 -0.002029 -0.000861
-0.015370 -0.010556 -0.002030 -0.000862
-0.015370 -0.015926 -0.002032 -0.000864
-0.019815 -0.014444 -0.002034 -0.000865
-0.018333 -0.009815 -0.002035 -0.000866
-0.011296 -0.008148 -0.002037 -0.000867
-0.005000 -0.013519 -0.002037 -0.000868
-0.010926 -0.007222 -0.002038 -0.000869
-0.012037 -0.003519 -0.002039 -0.000869
-0.013333 -0.007407 -0.002041 -0.000870
-0.007593 -0.004815 -0.002041 -0.000871
-0.013889 -0.007037 -0.002043 -0.000871
-0.017037 -0.005000 -0.002044 -0.000872
-0.015556 -0.006481 -0.002046 -0.000872
-0.005741 -0.004074 -0.002047 -0.000873
-0.015556 -0.002222 -0.002048 -0.000873
-0.021111 -0.003519 -0.002050 -0.000873
-0.015556 -0.008704 -0.002052 -0.000874
-0.013519 -0.000370 -0.002053 -0.000874
-0.017222 -0.006296 -0.002055 -0.000875
-0.019074 -0.003704 -0.002057 -0.000875
-0.016667 -0.006481 -0.002058 -0.000876
-0.013704 0.006852 -0.002060 -0.000875
-0.016481 0.005185 -0.002062 -0.000875
-0.020185 -0.001852 -0.002064 -0.000875
-0.015556 -0.001667 -0.002065 -0.000875
-0.011852 -0.008148 -0.002066 -0.000876
-0.013704 0.000370 -0.002068 -0.000876
-0.015741 -0.001296 -0.002069 -0.000876
-0.021667 -0.002778 -0.002071 -0.000876
-0.020741 -0.002593 -0.002073 -0.000877
-0.019815 -0.009259 -0.002075 -0.000878
-0.019074 -0.020741 -0.002077 -0.000880
-0.004815 -0.016667 -0.002078 -0.000881
-0.007593 -0.002407 -0.002079 -0.000882
-0.015556 -0.001481 -0.002080 -0.000882
-0.020000 0.003333 -0.002082 -0.000881
-0.022593 -0.000926 -0.002084 -0.000881
-0.024444 -0.000741 -0.002087 -0.000882
-0.020000 0.005926 -0.002089 -0.000881
-0.022593 -0.001852 -0.002091 -0.000881
-0.016852 0.001852 -0.002093 -0.000881
-0.020741 -0.001296 -0.002095 -0.000881
-0.021481 -0.001852 -0.002097 -0.000881
-0.019259 -0.000926 -0.002099 -0.000881
-0.020926 -0.006481 -0.002101 -0.000882
-0.018889 -0.008333 -0.002103 -0.000883
-0.016481 -0.008333 -0.002105 -0.000884
-0.017222 -0.007593 -0.002106 -0.000884
-0.018148 -0.007778 -0.002108 -0.000885
-0.020000 -0.002963 -0.002110 -0.000885
-0.018519 0.002593 -0.002112 -0.000885
-0.018333 -0.002778 -0.002114 -0.000885
-0.022593 -0.005556 -0.002116 -0.000886
-0.020741 -0.005000 -0.002118 -0.000887
-0.012222 0.008519 -0.002119 -0.000886
-0.016667 0.007778 -0.002121 -0.000885
-0.025185 0.001852 -0.002124 -0.000885
-0.019815 -0.007407 -0.002126 -0.000885
-0.019815 -0.001852 -0.002127 -0.000886
-0.020741 -0.002963 -0.002130 -0.000886
-0.017593 0.001852 -0.002131 -0.000886
-0.023519 0.000926 -0.002134 -0.000886
-0.020926 -0.004630 -0.002136 -0.000886
-0.021481 -0.007407 -0.002138 -0.000887
-0.021852 -0.005741 -0.002140 -0.000887
-0.018148 -0.001296 -0.002142 -0.000888
-0.012963 0.005926 -0.002143 -0.000887
-0.023333 -0.000926 -0.002146 -0.000887
-0.019259 -0.003704 -0.002147 -0.000887
-0.024444 -0.001111 -0.002150 -0.000888
-0.032037 -0.002963 -0.002153 -0.000888
-0.072778 0.027593 -0.002160 -0.000885
-0.017593 -0.053148 -0.002162 -0.000890
-0.078704 -0.017963 -0.002170 -0.000892
-0.063148 -0.041852 -0.002176 -0.000896
-0.135556 -0.022222 -0.002190 -0.000899
-0.154074 -0.055556 -0.002205 -0.000904
-0.232407 -0.119630 -0.002229 -0.000916
-0.222407 -0.080370 -0.002251 -0.000924
-0.330185 0.007222 -0.002284 -0.000923
-0.341296 -0.090370 -0.002318 -0.000932
-0.375000 -0.113889 -0.002355 -0.000944
-0.354630 -0.105185 -0.002391 -0.000954
-0.309444 -0.058333 -0.002422 -0.000960
-0.367037 0.056481 -0.002459 -0.000955
-0.310741 0.223519 -0.002490 -0.000932
-0.294815 0.353519 -0.002519 -0.000897
-0.306852 0.446667 -0.002550 -0.000852
-0.328889 0.265926 -0.002583 -0.000826
-0.362407 0.266852 -0.002619 -0.000799
-0.420556 0.282963 -0.002661 -0.000771
-0.389074 0.090370 -0.002700 -0.000762
-0.251852 0.217778 -0.002725 -0.000740
-0.235370 0.189815 -0.002749 -0.000721
-0.300185 0.082407 -0.002779 -0.000713
-0.248889 -0.108333 -0.002804 -0.000723
-0.208519 -0.110000 -0.002824 -0.000734
-0.204259 -0.162778 -0.002845 -0.000751
-0.061111 0.063148 -0.002851 -0.000744
-0.265000 -0.065185 -0.002877 -0.000751
0.061296 0.178889 -0.002871 -0.000733
0.079630 0.446111 -0.002863 -0.000688
-0.177778 0.401667 -0.002881 -0.000648
-0.130000 0.203148 -0.002894 -0.000628
-0.113704 -0.265926 -0.002905 -0.000655
0.163519 0.006296 -0.002889 -0.000654
-0.007222 -0.108148 -0.002890 -0.000665
-0.028333 0.386481 -0.002893 -0.000626
-0.180000 -0.222963 -0.002911 -0.000648
0.050185 0.003148 -0.002906 -0.000648
-0.024444 0.215556 -0.002908 -0.000626
0.004074 0.000741 -0.002908 -0.000626
-0.009630 -0.138148 -0.002909 -0.000640
0.242963 0.011111 -0.002884 -0.000639
0.156296 -0.251111 -0.002869 -0.000664
0.301667 0.053889 -0.002839 -0.000659
0.080370 0.082963 -0.002831 -0.000651
-0.012222 0.008704 -0.002832 -0.000650
0.106111 0.141296 -0.002821 -0.000636
0.141296 -0.173148 -0.002807 -0.000653
0.132593 -0.083148 -0.002794 -0.000661
0.067963 -0.181296 -0.002787 -0.000679
0.051852 -0.213889 -0.002782 -0.000701
0.153519 0.040000 -0.002766 -0.000697
0.311481 0.158704 -0.002735 -0.000681
0.227963 0.167963 -0.002712 -0.000664
0.008889 -0.069074 -0.002712 -0.000671
0.248704 0.095185 -0.002687 -0.000661
0.076852 0.095000 -0.002679 -0.000652
0.077593 0.047037 -0.002671 -0.000647
0.125926 0.149074 -0.002659 -0.000632
0.062593 0.146667 -0.002652 -0.000618
0.118333 0.102222 -0.002641 -0.000607
0.076852 0.020556 -0.002633 -0.000605
0.103148 -0.087778 -0.002623 -0.000614
0.061852 0.028889 -0.002616 -0.000611
0.068519 -0.006852 -0.002610 -0.000612
-0.001481 -0.225370 -0.002610 -0.000634
0.122407 -0.027222 -0.002597 -0.000637
0.081667 -0.414815 -0.002589 -0.000679
0.232963 -0.114444 -0.002566 -0.000690
0.231296 -0.204259 -0.002543 -0.000711
0.282593 -0.225926 -0.002515 -0.000733
0.275556 -0.147963 -0.002487 -0.000748
0.281296 -0.132593 -0.002459 -0.000761
0.376852 0.029444 -0.002421 -0.000758
0.330185 0.011481 -0.002388 -0.000757
0.395370 0.063889 -0.002349 -0.000751
0.361667 -0.072593 -0.002312 -0.000758
0.329630 -0.010000 -0.002280 -0.000759
0.183333 0.088704 -0.002261 -0.000750
-0.007407 0.110556 -0.002262 -0.000739
-0.021481 0.077963 -0.002264 -0.000731
-0.044074 0.109074 -0.002268 -0.000720
-0.063333 0.094259 -0.002275 -0.000711
-0.066852 0.011852 -0.002282 -0.000710
-0.075926 -0.032593 -0.002289 -0.000713
-0.050741 -0.029259 -0.002294 -0.000716
-0.042222 -0.029815 -0.002298 -0.000719
-0.035185 -0.025556 -0.002302 -0.000721
-0.027037 -0.010185 -0.002305 -0.000722
-0.025556 -0.007778 -0.002307 -0.000723
-0.042963 -0.007407 -0.002311 -0.000724
-0.041667 -0.009074 -0.002316 -0.000725
-0.048333 -0.010185 -0.002320 -0.000726
0.011852 -0.047407 -0.002319 -0.000731
-0.057593 -0.015741 -0.002325 -0.000732
-0.017778 0.004444 -0.002327 -0.000732
-0.014259 0.003704 -0.002328 -0.000731
-0.006667 -0.001667 -0.002329 -0.000732
-0.006296 0.004630 -0.002330 -0.000731
-0.006667 -0.033333 -0.002330 -0.000734
0.004074 -0.064074 -0.002330 -0.000741
0.051481 -0.001111 -0.002325 -0.000741
0.028704 0.020556 -0.002322 -0.000739
0.040185 0.060185 -0.002318 -0.000733
0.031296 0.068704 -0.002315 -0.000726
0.011852 0.075000 -0.002313 -0.000719
-0.010185 0.060000 -0.002314 -0.000713
-0.051481 0.073889 -0.002320 -0.000705
-0.042963 0.137963 -0.002324 -0.000691
-0.099815 0.155185 -0.002334 -0.000676
0.072407 0.192037 -0.002327 -0.000657
0.094259 0.162407 -0.002317 -0.000640
0.017593 0.017222 -0.002315 -0.000639
0.166296 0.277963 -0.002299 -0.000611
0.042593 -0.053704 -0.002295 -0.000616
-0.015741 0.297778 -0.002296 -0.000586
-0.017407 0.135370 -0.002298 -0.000573
0.240556 0.294815 -0.002274 -0.000543
0.152407 -0.108704 -0.002259 -0.000554
0.016111 0.210000 -0.002257 -0.000533
-0.137037 0.112407 -0.002271 -0.000522
-0.100926 0.169444 -0.002281 -0.000505
0.077963 -0.036296 -0.002273 -0.000509
0.131296 0.186296 -0.002260 -0.000490
0.197593 0.044630 -0.002240 -0.000486
0.053333 0.197037 -0.002235 -0.000466
-0.034444 -0.060000 -0.002238 -0.000472
0.072593 0.062963 -0.002231 -0.000466
0.005370 0.086852 -0.002230 -0.000457
-0.145741 0.069259 -0.002245 -0.000450
-0.170741 0.005000 -0.002262 -0.000450
-0.002963 -0.130556 -0.002262 -0.000463
0.093704 0.038519 -0.002253 -0.000459
-0.035926 0.229815 -0.002257 -0.000436
-0.161481 -0.049259 -0.002273 -0.000441
-0.048333 0.073148 -0.002278 -0.000433
-0.015185 0.059074 -0.002279 -0.000427
-0.214630 0.048519 -0.002301 -0.000423
-0.075370 0.127778 -0.002308 -0.000410
-0.128519 0.213333 -0.002321 -0.000389
-0.063148 0.016296 -0.002327 -0.000387
0.016111 0.119259 -0.002326 -0.000375
-0.064630 0.200000 -0.002332 -0.000355
-0.167037 -0.195556 -0.002349 -0.000375
0.017407 -0.198148 -0.002347 -0.000394
-0.103333 -0.188704 -0.002357 -0.000413
-0.089074 -0.178519 -0.002366 -0.000431
-0.120370 -0.184815 -0.002378 -0.000450
-0.197407 -0.169630 -0.002398 -0.000466
-0.137407 -0.141296 -0.002412 -0.000481
-0.096852 -0.210000 -0.002422 -0.000502
-0.027778 -0.135556 -0.002424 -0.000515
0.025000 -0.197222 -0.002422 -0.000535
0.129444 -0.262407 -0.002409 -0.000561
0.082963 -0.252407 -0.002401 -0.000586
0.105370 -0.265926 -0.002390 -0.000613
0.111296 -0.223889 -0.002379 -0.000635
-0.014815 -0.188519 -0.002380 -0.000654
-0.019259 -0.212778 -0.002382 -0.000675
-0.090370 -0.501852 -0.002391 -0.000726
-0.243889 -0.374259 -0.002416 -0.000763
0.056852 -0.407407 -0.002410 -0.000804
0.026111 -0.121481 -0.002407 -0.000816
0.042778 -0.049444 -0.002403 -0.000821
0.090556 0.144074 -0.002394 -0.000807
0.049444 0.179259 -0.002389 -0.000789
0.446481 -0.411667 -0.002344 -0.000830
-0.189259 -0.376481 -0.002363 -0.000867
-0.128148 -0.155926 -0.002376 -0.000883
0.167222 0.193889 -0.002360 -0.000864
-0.065556 -0.032222 -0.002366 -0.000867
-0.206667 -0.063889 -0.002387 -0.000873
0.373704 -0.231296 -0.002349 -0.000896
-0.200926 0.018519 -0.002369 -0.000895
-0.009630 -0.241667 -0.002370 -0.000919
-0.094815 -0.382037 -0.002380 -0.000957
0.106111 -0.090556 -0.002369 -0.000966
-0.027037 -0.189444 -0.002372 -0.000985
-0.011111 0.227407 -0.002373 -0.000962
0.213889 0.053704 -0.002352 -0.000957
0.098889 0.214259 -0.002342 -0.000935
0.055926 0.059259 -0.002336 -0.000929
-0.141111 0.379815 -0.002350 -0.000891
0.087222 0.089259 -0.002342 -0.000883
-0.209630 0.477222 -0.002363 -0.000835
-0.282407 0.335741 -0.002391 -0.000801
-0.039259 0.204630 -0.002395 -0.000781
-0.248889 0.224815 -0.002420 -0.000758
-0.156111 -0.005185 -0.002435 -0.000759
-0.398333 0.181667 -0.002475 -0.000741
-0.119630 -0.105741 -0.002487 -0.000751
-0.262222 0.047593 -0.002513 -0.000746
-0.246296 -0.265185 -0.002538 -0.000773
-0.406481 0.167037 -0.002579 -0.000756
0.081111 -0.040556 -0.002570 -0.000760
-0.307407 0.165741 -0.002601 -0.000744
0.018519 0.345926 -0.002599 -0.000709
0.457593 0.064259 -0.002554 -0.000703
-0.476111 0.330000 -0.002601 -0.000670
-0.286481 0.334630 -0.002630 -0.000636
-0.226481 0.236481 -0.002652 -0.000613
-0.047593 0.300556 -0.002657 -0.000583
-0.334444 0.276296 -0.002691 -0.000555
-0.269815 0.139630 -0.002718 -0.000541
-0.023704 0.160000 -0.002720 -0.000525
-0.262407 0.069444 -0.002746 -0.000518
-0.206852 0.060370 -0.002767 -0.000512
-0.140370 0.058148 -0.002781 -0.000506
-0.083889 0.057407 -0.002789 -0.000500
-0.130556 -0.015370 -0.002802 -0.000502
-0.078519 0.023333 -0.002810 -0.000500
-0.069815 0.056852 -0.002817 -0.000494
-0.011481 0.046667 -0.002818 -0.000489
-0.015000 0.054259 -0.002820 -0.000484
0.017037 0.033333 -0.002818 -0.000481
0.045000 -0.021481 -0.002814 -0.000483
0.018889 -0.015185 -0.002812 -0.000484
0.020000 -0.036481 -0.002810 -0.000488
-0.033889 -0.037593 -0.002813 -0.000492
-0.025741 -0.025556 -0.002816 -0.000494
-0.014815 -0.048889 -0.002817 -0.000499
-0.022778 -0.016852 -0.002820 -0.000501
-0.013148 -0.015185 -0.002821 -0.000502
-0.003148 -0.009259 -0.002821 -0.000503
-0.000370 -0.016296 -0.002821 -0.000505
-0.007778 0.000926 -0.002822 -0.000505
-0.014074 -0.017037 -0.002823 -0.000506
-0.022778 -0.005370 -0.002826 -0.000507
-0.025556 -0.010556 -0.002828 -0.000508
-0.015741 -0.033704 -0.002830 -0.000511
0.001852 -0.025556 -0.002830 -0.000514
0.007963 -0.023333 -0.002829 -0.000516
0.004630 -0.020556 -0.002828 -0.000518
-0.008333 -0.019074 -0.002829 -0.000520
-0.008704 0.003148 -0.002830 -0.000520
-0.013148 0.009630 -0.002831 -0.000519
-0.026852 0.015556 -0.002834 -0.000517
-0.025556 0.012593 -0.002837 -0.000516
-0.030000 0.002037 -0.002840 -0.000516
-0.036667 0.003333 -0.002843 -0.000516
-0.021852 -0.016667 -0.002845 -0.000517
-0.033148 0.000741 -0.002849 -0.000517
-0.029259 -0.004259 -0.002852 -0.000518
-0.047963 -0.021111 -0.002857 -0.000520
-0.100926 -0.062222 -0.002867 -0.000526
-0.090926 -0.092037 -0.002876 -0.000535
-0.089444 -0.136481 -0.002885 -0.000549
-0.087593 -0.133704 -0.002893 -0.000562
-0.059259 -0.152593 -0.002899 -0.000577
-0.077778 -0.195185 -0.002907 -0.000597
-0.059259 -0.122407 -0.002913 -0.000609
-0.055926 -0.182407 -0.002919 -0.000627
-0.068704 -0.151852 -0.002925 -0.000643
-0.057778 -0.118333 -0.002931 -0.000654
-0.049815 -0.094815 -0.002936 -0.000664
-0.090185 -0.134444 -0.002945 -0.000677
-0.115926 -0.152037 -0.002957 -0.000693
-0.112037 -0.187222 -0.002968 -0.000711
-0.170000 -0.281667 -0.002985 -0.000739
-0.180741 -0.393148 -0.003003 -0.000779
-0.230185 -0.534444 -0.003026 -0.000832
-0.162963 -0.608333 -0.003042 -0.000893
-0.157037 -0.806481 -0.003058 -0.000974
-0.191481 -0.818148 -0.003077 -0.001056
-0.239074 -0.727222 -0.003101 -0.001128
-0.493148 -0.693889 -0.003151 -0.001198
-0.520556 -0.808148 -0.003203 -0.001278
-0.595556 -0.469444 -0.003262 -0.001325
-0.070000 -0.637593 -0.003269 -0.001389
-0.045926 -0.562407 -0.003274 -0.001445
-0.150926 0.277407 -0.003289 -0.001418
-0.010926 0.666296 -0.003290 -0.001351
0.016481 0.398519 -0.003288 -0.001311
0.142593 0.008704 -0.003274 -0.001310
0.173889 0.288148 -0.003257 -0.001281
0.053704 0.390926 -0.003251 -0.001242
0.130556 0.256667 -0.003238 -0.001217
0.207593 0.132037 -0.003217 -0.001204
0.142222 0.017407 -0.003203 -0.001202
0.166481 -0.112222 -0.003187 -0.001213
0.228704 0.036852 -0.003164 -0.001209
0.206481 0.186111 -0.003143 -0.001191
0.205556 0.193148 -0.003122 -0.001171
0.189074 0.124074 -0.003104 -0.001159
0.023704 -0.044444 -0.003101 -0.001163
0.018333 -0.228704 -0.003099 -0.001186
-0.016852 -0.164074 -0.003101 -0.001203
0.078333 -0.070741 -0.003093 -0.001210
0.159259 0.068519 -0.003077 -0.001203
0.207593 0.153889 -0.003057 -0.001188
0.169630 0.157222 -0.003040 -0.001172
0.080741 0.119815 -0.003032 -0.001160
0.042778 0.096296 -0.003027 -0.001150
0.142037 0.248704 -0.003013 -0.001125
0.166296 0.141296 -0.002996 -0.001111
0.421481 0.083148 -0.002954 -0.001103
0.330000 0.153519 -0.002921 -0.001088
0.326111 0.107222 -0.002889 -0.001077
0.494630 0.127778 -0.002839 -0.001064
0.505370 0.147963 -0.002789 -0.001049
0.571667 0.162778 -0.002731 -0.001033
0.504815 0.286667 -0.002681 -0.001004
0.315556 0.226111 -0.002649 -0.000982
0.306296 0.362778 -0.002619 -0.000945
0.302037 0.415741 -0.002589 -0.000904
0.375000 0.465185 -0.002551 -0.000857
0.275741 0.275741 -0.002524 -0.000830
0.091111 0.191481 -0.002514 -0.000811
0.012963 0.195741 -0.002513 -0.000791
-0.002037 0.181852 -0.002513 -0.000773
-0.055000 -0.117222 -0.002519 -0.000785
0.046481 -0.215741 -0.002514 -0.000806
0.203333 -0.389444 -0.002494 -0.000845
0.122963 -0.190370 -0.002482 -0.000864
-0.156111 -0.052037 -0.002497 -0.000869
-0.297222 -0.156111 -0.002527 -0.000885
-0.099815 -0.587963 -0.002537 -0.000944
-0.136481 -0.609815 -0.002551 -0.001005
0.001481 -0.816481 -0.002550 -0.001086
0.172407 -0.621667 -0.002533 -0.001149
-0.166111 -0.294259 -0.002550 -0.001178
-0.276481 -0.296667 -0.002577 -0.001208
-0.383519 -0.215370 -0.002616 -0.001229
-0.531296 -0.034259 -0.002669 -0.001233
-0.585370 0.074444 -0.002727 -0.001225
-0.481852 0.180556 -0.002776 -0.001207
-0.506296 0.328889 -0.002826 -0.001174
-0.712593 0.414444 -0.002897 -0.001133
-0.267407 0.608148 -0.002924 -0.001072
-0.336481 0.762963 -0.002958 -0.000996
-0.393519 0.965370 -0.002997 -0.000899
-0.522593 0.899444 -0.003049 -0.000809
-0.585185 0.898704 -0.003108 -0.000719
-0.633333 0.750185 -0.003171 -0.000644
-0.608333 0.475556 -0.003232 -0.000597
-0.409259 0.220741 -0.003273 -0.000575
-0.096667 0.141481 -0.003283 -0.000560
0.036296 0.022222 -0.003279 -0.000558
0.209630 -0.001481 -0.003258 -0.000558
0.169259 -0.135556 -0.003241 -0.000572
0.218519 -0.315370 -0.003219 -0.000603
0.126667 -0.334444 -0.003207 -0.000637
0.170370 -0.369444 -0.003190 -0.000674
0.303519 -0.424074 -0.003159 -0.000716
0.433704 -0.448704 -0.003116 -0.000761
0.458889 -0.619444 -0.003070 -0.000823
0.530185 -0.854074 -0.003017 -0.000909
0.344815 -0.740556 -0.002983 -0.000983
0.298889 -0.558889 -0.002953 -0.001038
0.223148 -0.459074 -0.002930 -0.001084
0.263704 -0.383148 -0.002904 -0.001123
0.163519 -0.095556 -0.002888 -0.001132
0.314444 0.045370 -0.002856 -0.001128
-0.055185 0.384630 -0.002862 -0.001089
-0.394444 0.474815 -0.002901 -0.001042
-0.381667 0.300000 -0.002939 -0.001012
-0.224444 0.245926 -0.002962 -0.000987
-0.156111 0.250741 -0.002977 -0.000962
-0.203704 0.358519 -0.002998 -0.000926
-0.257593 0.407963 -0.003024 -0.000885
-0.420000 0.410556 -0.003066 -0.000844
-0.424444 0.237222 -0.003108 -0.000821
-0.291111 0.323519 -0.003137 -0.000788
-0.298704 0.276481 -0.003167 -0.000761
-0.239074 0.246111 -0.003191 -0.000736
-0.181481 0.231296 -0.003209 -0.000713
-0.201667 0.279815 -0.003229 -0.000685
-0.215556 0.247593 -0.003251 -0.000660
-0.203704 0.194444 -0.003271 -0.000641
-0.146481 0.140926 -0.003286 -0.000627
-0.094074 0.141481 -0.003295 -0.000612
-0.081667 0.087407 -0.003303 -0.000604
-0.095185 0.083889 -0.003313 -0.000595
-0.100741 0.076667 -0.003323 -0.000588
-0.095741 0.089630 -0.003332 -0.000579
-0.129074 0.053704 -0.003345 -0.000573
-0.110000 -0.009815 -0.003356 -0.000574
-0.088519 -0.006667 -0.003365 -0.000575
-0.020000 0.002963 -0.003367 -0.000575
-0.029630 0.020185 -0.003370 -0.000573
-0.024444 0.014630 -0.003373 -0.000571
-0.044074 0.021852 -0.003377 -0.000569
-0.041111 0.023519 -0.003381 -0.000567
-0.074815 0.024074 -0.003389 -0.000564
-0.066667 0.013519 -0.003395 -0.000563
-0.053704 0.023519 -0.003401 -0.000561
-0.050926 0.039444 -0.003406 -0.000557
-0.040556 0.043704 -0.003410 -0.000552
-0.043889 0.027037 -0.003414 -0.000550
-0.038889 0.036296 -0.003418 -0.000546
-0.050556 0.010556 -0.003423 -0.000545
-0.040926 0.002778 -0.003427 -0.000545
-0.014074 -0.010926 -0.003429 -0.000546
-0.055556 -0.028519 -0.003434 -0.000549
-0.065926 -0.027407 -0.003441 -0.000551
-0.026296 -0.010926 -0.003443 -0.000552
-0.022593 0.011852 -0.003446 -0.000551
-0.038704 0.017222 -0.003450 -0.000549
-0.041481 0.008333 -0.003454 -0.000549
-0.039630 0.011111 -0.003458 -0.000548
-0.044444 0.025556 -0.003462 -0.000545
-0.056667 0.050000 -0.003468 -0.000540
-0.044259 0.036481 -0.003472 -0.000536
-0.035741 0.030556 -0.003476 -0.000533
-0.033704 0.010741 -0.003479 -0.000532
-0.025556 0.001111 -0.003482 -0.000532
-0.025000 0.005000 -0.003484 -0.000532
-0.030556 0.002778 -0.003487 -0.000531
-0.033889 0.010185 -0.003491 -0.000530
-0.044815 0.020370 -0.003495 -0.000528
-0.038889 0.024444 -0.003499 -0.000526
-0.025926 0.037593 -0.003502 -0.000522
-0.004815 0.051296 -0.003502 -0.000517
0.000926 0.054815 -0.003502 -0.000511
0.005185 0.042963 -0.003501 -0.000507
0.049074 0.067593 -0.003497 -0.000500
0.076852 0.066296 -0.003489 -0.000494
0.099074 0.060370 -0.003479 -0.000488
0.116481 0.073704 -0.003467 -0.000480
0.205556 0.057407 -0.003447 -0.000475
0.224074 0.030926 -0.003424 -0.000472
0.282778 0.009630 -0.003396 -0.000471
0.318519 -0.000926 -0.003364 -0.000471
0.308333 -0.005185 -0.003333 -0.000471
0.302778 0.019630 -0.003303 -0.000469
0.274630 0.021667 -0.003276 -0.000467
0.253148 -0.032593 -0.003250 -0.000470
0.331667 -0.031852 -0.003217 -0.000473
0.353889 -0.051481 -0.003182 -0.000479
0.322593 -0.083333 -0.003150 -0.000487
0.254444 -0.205556 -0.003124 -0.000508
0.292593 -0.237037 -0.003095 -0.000531
0.252963 -0.271111 -0.003070 -0.000558
0.214630 -0.275370 -0.003048 -0.000586
0.122407 -0.221111 -0.003036 -0.000608
0.035556 -0.240185 -0.003032 -0.000632
0.071852 -0.287407 -0.003025 -0.000661
-0.040185 -0.279630 -0.003029 -0.000689
-0.099259 -0.190370 -0.003039 -0.000708
-0.137222 -0.173519 -0.003053 -0.000725
-0.187593 -0.145185 -0.003072 -0.000740
-0.221667 0.047963 -0.003094 -0.000735
-0.281111 0.158519 -0.003122 -0.000719
-0.284444 0.232407 -0.003150 -0.000696
-0.351667 0.185556 -0.003185 -0.000677
-0.322593 0.190370 -0.003218 -0.000658
-0.324815 0.297037 -0.003250 -0.000628
-0.368148 0.382407 -0.003287 -0.000590
-0.365185 0.396481 -0.003323 -0.000551
-0.346111 0.311111 -0.003358 -0.000519
-0.401111 0.285370 -0.003398 -0.000491
-0.434444 0.195741 -0.003442 -0.000471
-0.412407 0.152407 -0.003483 -0.000456
-0.409630 0.180926 -0.003524 -0.000438
-0.393889 0.179815 -0.003563 -0.000420
-0.404815 0.116667 -0.003604 -0.000408
-0.456481 0.077778 -0.003649 -0.000401
-0.425185 0.056111 -0.003692 -0.000395
-0.422963 0.025926 -0.003734 -0.000392
-0.373889 0.029259 -0.003772 -0.000389
-0.333148 -0.018704 -0.003805 -0.000391
-0.298148 -0.045926 -0.003835 -0.000396
-0.313148 -0.037778 -0.003866 -0.000400
-0.323519 -0.036481 -0.003898 -0.000403
-0.332407 -0.036481 -0.003932 -0.000407
-0.366481 -0.029815 -0.003968 -0.000410
-0.367407 -0.021296 -0.004005 -0.000412
-0.351111 -0.056667 -0.004040 -0.000418
-0.324074 -0.088519 -0.004073 -0.000427
-0.322407 -0.146852 -0.004105 -0.000441
-0.309815 -0.208148 -0.004136 -0.000462
-0.238889 -0.233889 -0.004160 -0.000485
-0.166667 -0.234074 -0.004176 -0.000509
-0.097593 -0.222593 -0.004186 -0.000531
-0.089074 -0.195000 -0.004195 -0.000551
-0.050185 -0.166111 -0.004200 -0.000567
-0.049444 -0.140926 -0.004205 -0.000581
-0.006296 -0.122222 -0.004206 -0.000594
-0.007963 -0.086481 -0.004206 -0.000602
0.018889 -0.118333 -0.004204 -0.000614
0.070556 -0.105741 -0.004197 -0.000625
0.103333 -0.082593 -0.004187 -0.000633
0.045370 -0.095741 -0.004183 -0.000642
0.075370 -0.116667 -0.004175 -0.000654
0.097037 -0.110556 -0.004165 -0.000665
0.184259 -0.059074 -0.004147 -0.000671
0.255556 0.083519 -0.004121 -0.000663
0.152593 0.080185 -0.004106 -0.000655
-0.033704 0.026111 -0.004109 -0.000652
-0.080741 -0.114630 -0.004118 -0.000664
0.093333 -0.259444 -0.004108 -0.000690
0.332407 -0.174259 -0.004075 -0.000707
0.441111 -0.117407 -0.004031 -0.000719
0.420185 -0.052407 -0.003989 -0.000724
0.479815 -0.096296 -0.003941 -0.000734
0.463889 -0.141296 -0.003894 -0.000748
0.508889 -0.212222 -0.003844 -0.000769
0.476111 -0.261667 -0.003796 -0.000795
0.487593 -0.233704 -0.003747 -0.000818
0.331111 -0.216667 -0.003714 -0.000840
0.326111 -0.200926 -0.003681 -0.000860
0.310000 -0.182778 -0.003650 -0.000878
0.300741 -0.171296 -0.003620 -0.000896
0.274444 -0.165556 -0.003593 -0.000912
0.243519 -0.164259 -0.003569 -0.000929
0.226852 -0.158889 -0.003546 -0.000944
0.207407 -0.123519 -0.003525 -0.000957
0.167407 -0.105185 -0.003508 -0.000967
0.135926 -0.119074 -0.003495 -0.000979
0.121111 -0.112593 -0.003483 -0.000991
0.093704 -0.090370 -0.003473 -0.001000
0.076481 -0.083704 -0.003466 -0.001008
0.056296 -0.050926 -0.003460 -0.001013
0.033704 -0.049815 -0.003457 -0.001018
-0.014074 -0.069444 -0.003458 -0.001025
0.003704 -0.089074 -0.003458 -0.001034
-0.023333 -0.099074 -0.003460 -0.001044
-0.086667 -0.169444 -0.003469 -0.001061
-0.085926 -0.199815 -0.003477 -0.001081
-0.109259 -0.104259 -0.003488 -0.001091
-0.083704 -0.149630 -0.003497 -0.001106
0.003333 -0.112407 -0.003496 -0.001117
0.095926 -0.017963 -0.003487 -0.001119
0.132222 0.003704 -0.003473 -0.001119
0.085741 -0.053148 -0.003465 -0.001124
-0.088889 -0.229074 -0.003474 -0.001147
-0.176852 -0.386481 -0.003491 -0.001186
-0.233148 -0.489444 -0.003515 -0.001235
-0.199630 -0.521296 -0.003535 -0.001287
-0.086111 -0.409444 -0.003543 -0.001328
0.127037 -0.089259 -0.003531 -0.001337
0.233704 0.246296 -0.003507 -0.001312
0.203889 0.477407 -0.003487 -0.001264
0.096852 0.359630 -0.003477 -0.001228
0.039815 0.237037 -0.003473 -0.001205
-0.003519 0.099444 -0.003474 -0.001195
0.010185 0.002037 -0.003473 -0.001194
-0.014815 -0.046852 -0.003474 -0.001199
-0.097222 -0.175741 -0.003484 -0.001217
-0.214630 -0.281481 -0.003505 -0.001245
-0.179815 -0.417222 -0.003523 -0.001286
0.011296 -0.315926 -0.003522 -0.001318
0.123148 -0.017963 -0.003510 -0.001320
0.296481 0.173148 -0.003480 -0.001303
0.320000 0.304815 -0.003448 -0.001272
0.303333 0.347963 -0.003418 -0.001237
0.292778 0.385741 -0.003389 -0.001199
0.258704 0.398889 -0.003363 -0.001159
0.216296 0.377593 -0.003341 -0.001121
0.289259 0.406481 -0.003312 -0.001080
0.317222 0.345185 -0.003280 -0.001046
0.288333 0.200556 -0.003252 -0.001026
0.259815 0.143704 -0.003226 -0.001011
0.233889 0.194444 -0.003202 -0.000992
0.159074 0.217778 -0.003186 -0.000970
0.213704 0.129815 -0.003165 -0.000957
0.234630 -0.006667 -0.003141 -0.000958
0.322222 -0.026667 -0.003109 -0.000961
0.360370 -0.022963 -0.003073 -0.000963
0.278704 -0.064444 -0.003045 -0.000969
0.313889 -0.107037 -0.003014 -0.000980
0.309074 -0.022222 -0.002983 -0.000982
0.235000 -0.134815 -0.002959 -0.000996
0.270185 -0.117593 -0.002932 -0.001008
0.378333 -0.071667 -0.002895 -0.001015
0.350000 -0.135185 -0.002860 -0.001028
0.293519 -0.342593 -0.002830 -0.001062
0.304630 -0.427407 -0.002800 -0.001105
0.376296 -0.372963 -0.002762 -0.001142
0.384444 -0.317407 -0.002724 -0.001174
0.399630 -0.216852 -0.002684 -0.001196
0.427963 -0.173148 -0.002641 -0.001213
0.437963 -0.151111 -0.002597 -0.001228
0.409259 -0.135000 -0.002556 -0.001242
0.372222 -0.108704 -0.002519 -0.001253
0.300926 -0.086667 -0.002489 -0.001261
0.212963 -0.037778 -0.002468 -0.001265
0.140185 0.012778 -0.002454 -0.001264
0.131481 -0.000370 -0.002440 -0.001264
0.160741 -0.073148 -0.002424 -0.001271
0.079259 -0.130926 -0.002416 -0.001284
0.006296 -0.324815 -0.002416 -0.001317
-0.134630 -0.416667 -0.002429 -0.001358
-0.126667 -0.494444 -0.002442 -0.001408
-0.138704 -0.445000 -0.002456 -0.001452
-0.114630 -0.303148 -0.002467 -0.001483
-0.056481 -0.158148 -0.002473 -0.001499
0.047407 -0.019259 -0.002468 -0.001500
0.134815 0.003333 -0.002455 -0.001500
0.184815 0.017963 -0.002436 -0.001498
0.170370 0.027963 -0.002419 -0.001496
0.125370 -0.070370 -0.002407 -0.001503
0.087963 -0.088519 -0.002398 -0.001511
0.095185 0.002037 -0.002388 -0.001511
0.096667 0.228704 -0.002379 -0.001488
0.050926 0.460185 -0.002374 -0.001442
-0.039630 0.425185 -0.002378 -0.001400
0.006852 0.375185 -0.002377 -0.001362
0.029444 0.125741 -0.002374 -0.001350
-0.011111 -0.224074 -0.002375 -0.001372
0.029259 -0.477593 -0.002372 -0.001420
-0.016481 -0.569259 -0.002374 -0.001477
-0.017778 -0.604444 -0.002376 -0.001537
0.032037 -0.582963 -0.002372 -0.001596
0.032593 -0.489630 -0.002369 -0.001645
0.021852 -0.424815 -0.002367 -0.001687
0.020370 -0.284630 -0.002365 -0.001715
0.060926 -0.181667 -0.002359 -0.001734
0.080370 -0.140556 -0.002351 -0.001748
0.082407 -0.180370 -0.002343 -0.001766
0.088148 -0.131481 -0.002334 -0.001779
0.078148 -0.079630 -0.002326 -0.001787
0.067963 0.001667 -0.002319 -0.001787
0.054074 0.009444 -0.002314 -0.001786
0.037963 0.003519 -0.002310 -0.001785
0.035185 -0.012963 -0.002306 -0.001787
0.044630 -0.038148 -0.002302 -0.001790
0.046852 -0.082222 -0.002297 -0.001799
0.070370 -0.084444 -0.002290 -0.001807
